Part 1 tests

times to settle for each run: 
[[[0, 0, 0, 0, 0], [0, 0, 0, 0, 0], [0, 0, 0, 0, 0], [0, 0, 0, 0, 0]], [[13, 6, 11, 0, 0], [46, 21, 0, 1, 11], [4, 43, 7, 11, 0], [0, 42, 35, 0, 0]], [[15, 29, 3, 19, 15], [26, 26, 19, 27, 22], [0, 33, 25, 14, 17], [27, 12, 22, 14, 30]], [[8, 7, 6, 27, 35], [23, 17, 33, 17, 28], [56, 38, 24, 18, 19], [17, 39, 16, 19, 15]], [[26, 17, 26, 23, 25], [36, 29, 15, 40, 13], [24, 26, 7, 31, 16], [24, 16, 15, 49, 35]], [[49, 52, 9, 13, 34], [25, 27, 31, 31, 40], [9, 18, 33, 19, 39], [11, 15, 25, 6, 20]]]

hamming distances after settled: 
[[0, 0, 0, 0, 0], [0, 0, 0, 0, 0], [0, 0, 0, 0, 0], [0, 0, 0, 0, 0]], [[0, 0, 0, 0, 0], [0, 4, 0, 0, 0], [0, 8, 0, 8, 0], [0, 5, 8, 0, 0]], [[8, 0, 8, 0, 0], [0, 0, 8, 0, 0], [0, 8, 8, 8, 0], [11, 0, 0, 8, 8]], [[0, 8, 0, 8, 8], [0, 0, 12, 4, 0], [8, 8, 8, 0, 0], [8, 0, 4, 0, 8]], [[0, 4, 8, 8, 8], [8, 8, 8, 8, 4], [8, 5, 0, 4, 8], [8, 0, 8, 16, 8]], [[4, 11, 8, 8, 8], [12, 8, 8, 8, 16], [8, 0, 8, 8, 12], [8, 8, 8, 8, 0]]

mean times under each probability condition: 
[0.0, 12.549999999999999, 19.75, 23.1, 24.65, 25.300000000000004]

mean hamming distances under each probability condition: 
[0.0, 1.65, 3.7500000000000004, 4.2, 6.45, 7.949999999999999]