Part 1 tests

times to settle for each run: 
[[[0, 0, 0, 0, 0], [0, 0, 0, 0, 0], [0, 0, 0, 0, 0], [0, 0, 0, 0, 0]], [[13, 6, 11, 0, 0], [46, 21, 0, 1, 11], [4, 43, 7, 11, 0], [0, 42, 35, 0, 0]], [[15, 29, 3, 19, 15], [26, 26, 19, 27, 22], [0, 33, 25, 14, 17], [27, 12, 22, 14, 30]], [[8, 7, 6, 27, 35], [23, 17, 33, 17, 28], [56, 38, 24, 18, 19], [17, 39, 16, 19, 15]], [[26, 17, 26, 23, 25], [36, 29, 15, 40, 13], [24, 26, 7, 31, 16], [24, 16, 15, 49, 35]], [[49, 52, 9, 13, 34], [25, 27, 31, 31, 40], [9, 18, 33, 19, 39], [11, 15, 25, 6, 20]]]

hamming distances after settled on each run: 
[[[0, 0, 0, 0, 0], [0, 0, 0, 0, 0], [0, 0, 0, 0, 0], [0, 0, 0, 0, 0]], [[1, 2, 1, 0, 0], [6, 2, 0, 1, 2], [1, 6, 2, 4, 0], [0, 6, 6, 0, 0]], [[1, 2, 1, 3, 3], [3, 3, 4, 5, 6], [0, 6, 8, 2, 3], [2, 3, 4, 5, 7]], [[2, 2, 2, 4, 7], [8, 5, 7, 5, 6], [6, 6, 4, 7, 4], [3, 8, 4, 4, 6]], [[4, 3, 5, 5, 5], [8, 3, 7, 3, 5], [6, 8, 5, 5, 6], [7, 8, 8, 6, 9]], [[9, 7, 4, 5, 11], [7, 9, 4, 4, 6], [4, 6, 6, 8, 9], [7, 4, 6, 3, 3]]]

mean times under each probability condition: 
[0.0, 12.549999999999999, 19.75, 23.1, 24.65, 25.300000000000004]

mean hamming distances under each probability condition: 
[0.0, 2.0, 3.55, 5.0, 5.800000000000001, 6.1]