Part 2 tests

times to settle for each run:
[[[0, 0, 0, 0, 0], [0, 0, 0, 0, 0], [46, 27, 38, 27, 45]], [[0, 6, 27, 12, 2], [23, 26, 2, 16, 16], [41, 43, 27, 20, 27]], [[11, 34, 17, 25, 41], [24, 34, 21, 14, 23], [38, 47, 20, 49, 42]], [[23, 29, 25, 33, 14], [21, 33, 21, 31, 13], [27, 44, 44, 55, 29]], [[22, 41, 27, 26, 17], [40, 24, 33, 51, 23], [27, 16, 30, 68, 29]], [[32, 19, 26, 20, 29], [52, 33, 45, 32, 52], [30, 59, 36, 38, 16]]]

hamming distances after settled on each run:
[[[0, 0, 0, 0, 0], [0, 0, 0, 0, 0], [5, 5, 5, 5, 5]], [[0, 1, 2, 2, 1], [3, 3, 1, 2, 1], [7, 5, 6, 5, 7]], [[4, 3, 2, 3, 5], [5, 4, 4, 1, 4], [5, 7, 7, 8, 6]], [[5, 5, 6, 7, 2], [6, 6, 3, 5, 5], [8, 6, 6, 8, 6]], [[6, 7, 5, 4, 7], [7, 5, 4, 8, 8], [6, 5, 8, 9, 8]], [[7, 5, 8, 5, 6], [7, 6, 5, 9, 8], [5, 7, 8, 8, 7]]]

mean times under each probability condition:
[12.2, 19.2, 29.33, 29.47, 31.6, 34.6]

mean hamming distances under each probability condition:
[1.67, 3.07, 4.53, 5.6, 6.47, 6.73]

for the two more random patterns:
[11, 64, 49, 15, 46] [2, 9, 10, 3, 9] [37.0] [6.6]
[37, 13, 31, 16, 8] [9, 2, 7, 5, 3] [21.0] [5.2]